 0.0000E+00   3.5500E+03   8.7064E+02   2.4724E+03   6.0637E+02   6.5129E+06   7.9865E+05   4.4974E+06   5.5150E+05   3.0981E+06   3.7991E+05
 5.0000E-01   3.5500E+03   8.7064E+02   2.4724E+03   6.0637E+02   6.5129E+06   7.9865E+05   4.4974E+06   5.5150E+05   3.0981E+06   3.7991E+05
 1.0000E+00   3.5500E+03   8.7064E+02   2.4724E+03   6.0637E+02   6.5129E+06   7.9865E+05   4.4974E+06   5.5150E+05   3.0981E+06   3.7991E+05
 1.5000E+00   3.5500E+03   8.7064E+02   2.4724E+03   6.0637E+02   6.5129E+06   7.9865E+05   4.4974E+06   5.5150E+05   3.0981E+06   3.7991E+05
 2.0000E+00   3.5500E+03   8.7064E+02   2.4724E+03   6.0637E+02   6.5129E+06   7.9865E+05   4.4974E+06   5.5150E+05   3.0981E+06   3.7991E+05
 2.5000E+00   3.5500E+03   8.7064E+02   2.4724E+03   6.0637E+02   6.5129E+06   7.9865E+05   4.4974E+06   5.5150E+05   3.0981E+06   3.7991E+05
 3.0000E+00   3.5500E+03   8.7064E+02   2.4724E+03   6.0637E+02   6.5129E+06   7.9865E+05   4.4974E+06   5.5150E+05   3.0981E+06   3.7991E+05
 3.5000E+00   3.5500E+03   8.7064E+02   2.4724E+03   6.0637E+02   6.5129E+06   7.9865E+05   4.4974E+06   5.5150E+05   3.0981E+06   3.7991E+05
 4.0000E+00   3.5500E+03   8.7064E+02   2.4724E+03   6.0637E+02   6.5129E+06   7.9865E+05   4.4974E+06   5.5150E+05   3.0981E+06   3.7991E+05
 4.5000E+00   3.5500E+03   8.7064E+02   2.4724E+03   6.0637E+02   6.5129E+06   7.9865E+05   4.4974E+06   5.5150E+05   3.0981E+06   3.7991E+05
 5.0000E+00   3.5500E+03   8.7064E+02   2.4724E+03   6.0637E+02   6.5129E+06   7.9865E+05   4.4974E+06   5.5150E+05   3.0981E+06   3.7991E+05
 5.5000E+00   3.5500E+03   8.7064E+02   2.4724E+03   6.0637E+02   6.5129E+06   7.9865E+05   4.4974E+06   5.5150E+05   3.0981E+06   3.7991E+05
 6.0000E+00   3.5500E+03   8.7064E+02   2.4724E+03   6.0637E+02   6.5129E+06   7.9865E+05   4.4974E+06   5.5150E+05   3.0981E+06   3.7991E+05
 6.5000E+00   3.5500E+03   8.7064E+02   2.4724E+03   6.0637E+02   6.5129E+06   7.9865E+05   4.4974E+06   5.5150E+05   3.0981E+06   3.7991E+05
 7.0000E+00   3.5500E+03   8.7064E+02   2.4724E+03   6.0637E+02   6.5129E+06   7.9865E+05   4.4974E+06   5.5150E+05   3.0981E+06   3.7991E+05
 7.5000E+00   3.5500E+03   8.7064E+02   2.4724E+03   6.0637E+02   6.5129E+06   7.9865E+05   4.4974E+06   5.5150E+05   3.0981E+06   3.7991E+05
 8.0000E+00   3.5500E+03   8.7064E+02   2.4724E+03   6.0637E+02   6.5129E+06   7.9865E+05   4.4974E+06   5.5150E+05   3.0981E+06   3.7991E+05
 8.5000E+00   3.5500E+03   8.7064E+02   2.4724E+03   6.0637E+02   6.5129E+06   7.9865E+05   4.4974E+06   5.5150E+05   3.0981E+06   3.7991E+05
 9.0000E+00   3.5500E+03   8.7064E+02   2.4724E+03   6.0637E+02   6.5129E+06   7.9865E+05   4.4974E+06   5.5150E+05   3.0981E+06   3.7991E+05
 9.5000E+00   3.5500E+03   8.7064E+02   2.4724E+03   6.0637E+02   6.5129E+06   7.9865E+05   4.4974E+06   5.5150E+05   3.0981E+06   3.7991E+05
 1.0000E+01   3.5500E+03   8.7064E+02   2.4724E+03   6.0637E+02   6.5129E+06   7.9865E+05   4.4974E+06   5.5150E+05   3.0981E+06   3.7991E+05
 1.0500E+01   3.5500E+03   8.7064E+02   2.4724E+03   6.0637E+02   6.5129E+06   7.9865E+05   4.4974E+06   5.5150E+05   3.0981E+06   3.7991E+05
 1.1000E+01   3.5500E+03   8.7064E+02   2.4724E+03   6.0637E+02   6.5129E+06   7.9865E+05   4.4974E+06   5.5150E+05   3.0981E+06   3.7991E+05
 1.1500E+01   3.5500E+03   8.7064E+02   2.4724E+03   6.0637E+02   6.5129E+06   7.9865E+05   4.4974E+06   5.5150E+05   3.0981E+06   3.7991E+05
 1.2000E+01   3.5500E+03   8.7064E+02   2.4724E+03   6.0637E+02   6.5129E+06   7.9865E+05   4.4974E+06   5.5150E+05   3.0981E+06   3.7991E+05
 1.2500E+01   3.5500E+03   8.7064E+02   2.4724E+03   6.0637E+02   6.5129E+06   7.9865E+05   4.4974E+06   5.5150E+05   3.0981E+06   3.7991E+05
 1.3000E+01   3.5500E+03   8.7064E+02   2.4724E+03   6.0637E+02   6.5129E+06   7.9865E+05   4.4974E+06   5.5150E+05   3.0981E+06   3.7991E+05
 1.3500E+01   3.5500E+03   8.7064E+02   2.4724E+03   6.0637E+02   6.5129E+06   7.9865E+05   4.4974E+06   5.5150E+05   3.0981E+06   3.7991E+05
 1.4000E+01   3.5500E+03   8.7064E+02   2.4724E+03   6.0637E+02   6.5129E+06   7.9865E+05   4.4974E+06   5.5150E+05   3.0981E+06   3.7991E+05
 1.4500E+01   3.5500E+03   8.7064E+02   2.4724E+03   6.0637E+02   6.5129E+06   7.9865E+05   4.4974E+06   5.5150E+05   3.0981E+06   3.7991E+05
 1.5000E+01   3.5500E+03   8.7064E+02   2.4724E+03   6.0637E+02   6.5129E+06   7.9865E+05   4.4974E+06   5.5150E+05   3.0981E+06   3.7991E+05
 1.5500E+01   3.5500E+03   8.7064E+02   2.4724E+03   6.0637E+02   6.5129E+06   7.9865E+05   4.4974E+06   5.5150E+05   3.0981E+06   3.7991E+05
 1.6000E+01   3.5500E+03   8.7064E+02   2.4724E+03   6.0637E+02   6.5129E+06   7.9865E+05   4.4974E+06   5.5150E+05   3.0981E+06   3.7991E+05
 1.6500E+01   3.5500E+03   8.7064E+02   2.4724E+03   6.0637E+02   6.5129E+06   7.9865E+05   4.4974E+06   5.5150E+05   3.0981E+06   3.7991E+05
 1.7000E+01   3.5500E+03   8.7064E+02   2.4724E+03   6.0637E+02   6.5129E+06   7.9865E+05   4.4974E+06   5.5150E+05   3.0981E+06   3.7991E+05
 1.7500E+01   3.5500E+03   8.7064E+02   2.4724E+03   6.0637E+02   6.5129E+06   7.9865E+05   4.4974E+06   5.5150E+05   3.0981E+06   3.7991E+05
 1.8000E+01   3.5500E+03   8.7064E+02   2.4724E+03   6.0637E+02   6.5129E+06   7.9865E+05   4.4974E+06   5.5150E+05   3.0981E+06   3.7991E+05
 1.8500E+01   3.5500E+03   8.7064E+02   2.4724E+03   6.0637E+02   6.5129E+06   7.9865E+05   4.4974E+06   5.5150E+05   3.0981E+06   3.7991E+05
 1.9000E+01   3.5500E+03   8.7064E+02   2.4724E+03   6.0637E+02   6.5129E+06   7.9865E+05   4.4974E+06   5.5150E+05   3.0981E+06   3.7991E+05
 1.9500E+01   3.5500E+03   8.7064E+02   2.4724E+03   6.0637E+02   6.5129E+06   7.9865E+05   4.4974E+06   5.5150E+05   3.0981E+06   3.7991E+05
 2.0000E+01   3.5500E+03   8.7064E+02   2.4724E+03   6.0637E+02   6.5129E+06   7.9865E+05   4.4974E+06   5.5150E+05   3.0981E+06   3.7991E+05
 2.0500E+01   3.5500E+03   8.7064E+02   2.4724E+03   6.0637E+02   6.5129E+06   7.9865E+05   4.4974E+06   5.5150E+05   3.0981E+06   3.7991E+05
 2.1000E+01   3.5500E+03   8.7064E+02   2.4724E+03   6.0637E+02   6.5129E+06   7.9865E+05   4.4974E+06   5.5150E+05   3.0981E+06   3.7991E+05
 2.1500E+01   3.5500E+03   8.7064E+02   2.4724E+03   6.0637E+02   6.5129E+06   7.9865E+05   4.4974E+06   5.5150E+05   3.0981E+06   3.7991E+05
 2.2000E+01   3.5500E+03   8.7064E+02   2.4724E+03   6.0637E+02   6.5129E+06   7.9865E+05   4.4974E+06   5.5150E+05   3.0981E+06   3.7991E+05
 2.2500E+01   3.5500E+03   8.7064E+02   2.4724E+03   6.0637E+02   6.5129E+06   7.9865E+05   4.4974E+06   5.5150E+05   3.0981E+06   3.7991E+05
 2.3000E+01   3.5500E+03   8.7064E+02   2.4724E+03   6.0637E+02   6.5129E+06   7.9865E+05   4.4974E+06   5.5150E+05   3.0981E+06   3.7991E+05
 2.3500E+01   3.5500E+03   8.7064E+02   2.4724E+03   6.0637E+02   6.5129E+06   7.9865E+05   4.4974E+06   5.5150E+05   3.0981E+06   3.7991E+05
 2.4000E+01   3.5500E+03   8.7064E+02   2.4724E+03   6.0637E+02   6.5129E+06   7.9865E+05   4.4974E+06   5.5150E+05   3.0981E+06   3.7991E+05
 2.4500E+01   3.5500E+03   8.7064E+02   2.4724E+03   6.0637E+02   6.5129E+06   7.9865E+05   4.4974E+06   5.5150E+05   3.0981E+06   3.7991E+05
 2.5000E+01   3.5500E+03   8.7064E+02   2.4724E+03   6.0637E+02   6.5129E+06   7.9865E+05   4.4974E+06   5.5150E+05   3.0981E+06   3.7991E+05
 2.5500E+01   3.5500E+03   8.7064E+02   2.4724E+03   6.0637E+02   6.5129E+06   7.9865E+05   4.4974E+06   5.5150E+05   3.0981E+06   3.7991E+05
 2.6000E+01   3.5500E+03   8.7064E+02   2.4724E+03   6.0637E+02   6.5129E+06   7.9865E+05   4.4974E+06   5.5150E+05   3.0981E+06   3.7991E+05
 2.6500E+01   3.5500E+03   8.7064E+02   2.4724E+03   6.0637E+02   6.5129E+06   7.9865E+05   4.4974E+06   5.5150E+05   3.0981E+06   3.7991E+05
 2.7000E+01   3.5500E+03   8.7064E+02   2.4724E+03   6.0637E+02   6.5129E+06   7.9865E+05   4.4974E+06   5.5150E+05   3.0981E+06   3.7991E+05
 2.7500E+01   3.5500E+03   8.7064E+02   2.4724E+03   6.0637E+02   6.5129E+06   7.9865E+05   4.4974E+06   5.5150E+05   3.0981E+06   3.7991E+05
 2.8000E+01   3.5500E+03   8.7064E+02   2.4724E+03   6.0637E+02   6.5129E+06   7.9865E+05   4.4974E+06   5.5150E+05   3.0981E+06   3.7991E+05
 2.8500E+01   3.5500E+03   8.7064E+02   2.4724E+03   6.0637E+02   6.5129E+06   7.9865E+05   4.4974E+06   5.5150E+05   3.0981E+06   3.7991E+05
 2.9000E+01   3.5500E+03   8.7064E+02   2.4724E+03   6.0637E+02   6.5129E+06   7.9865E+05   4.4974E+06   5.5150E+05   3.0981E+06   3.7991E+05
 2.9500E+01   3.5500E+03   8.7064E+02   2.4724E+03   6.0637E+02   6.5129E+06   7.9865E+05   4.4974E+06   5.5150E+05   3.0981E+06   3.7991E+05
 3.0000E+01   3.5500E+03   8.7064E+02   2.4724E+03   6.0637E+02   6.5129E+06   7.9865E+05   4.4974E+06   5.5150E+05   3.0981E+06   3.7991E+05
