0.0000E+00  0.9992E+00  0.6305E-01  0.1892E+00  0.4331E-01  0.1444E-01  0.4331E-01  0.7219E-01  0.2249E-01  0.6748E-01  0.1417E-01  0.4723E-02  0.1417E-01  0.2362E-01  0.1823E-01  0.1823E-01  0.2328E-01  0.5469E-01  0.5469E-01  0.6984E-01  0.5002E-01  0.5002E-01  0.6106E-01  0.8549E-02  0.8549E-02  0.9957E-02
0.5000E+00  0.9367E+00  0.6026E-01  0.1808E+00  0.4138E-01  0.1379E-01  0.4138E-01  0.6897E-01  0.2115E-01  0.6345E-01  0.1348E-01  0.4494E-02  0.1348E-01  0.2247E-01  0.1677E-01  0.1677E-01  0.2151E-01  0.5030E-01  0.5030E-01  0.6454E-01  0.4545E-01  0.4545E-01  0.5608E-01  0.7682E-02  0.7682E-02  0.9104E-02
0.1000E+01  0.7863E+00  0.5316E-01  0.1595E+00  0.3659E-01  0.1220E-01  0.3659E-01  0.6098E-01  0.1785E-01  0.5356E-01  0.1177E-01  0.3924E-02  0.1177E-01  0.1962E-01  0.1332E-01  0.1332E-01  0.1734E-01  0.3997E-01  0.3997E-01  0.5203E-01  0.3493E-01  0.3493E-01  0.4445E-01  0.5725E-02  0.5725E-02  0.7116E-02
0.1500E+01  0.6151E+00  0.4432E-01  0.1330E+00  0.3081E-01  0.1027E-01  0.3081E-01  0.5134E-01  0.1399E-01  0.4198E-01  0.9697E-02  0.3232E-02  0.9697E-02  0.1616E-01  0.9565E-02  0.9565E-02  0.1276E-01  0.2870E-01  0.2870E-01  0.3829E-01  0.2395E-01  0.2395E-01  0.3188E-01  0.3756E-02  0.3756E-02  0.4987E-02
0.2000E+01  0.4651E+00  0.3573E-01  0.1072E+00  0.2533E-01  0.8444E-02  0.2533E-01  0.4222E-01  0.1050E-01  0.3151E-01  0.7730E-02  0.2577E-02  0.7730E-02  0.1288E-01  0.6484E-02  0.6484E-02  0.8945E-02  0.1945E-01  0.1945E-01  0.2683E-01  0.1538E-01  0.1538E-01  0.2163E-01  0.2292E-02  0.2292E-02  0.3277E-02
0.2500E+01  0.3479E+00  0.2830E-01  0.8489E-01  0.2065E-01  0.6885E-02  0.2065E-01  0.3442E-01  0.7722E-02  0.2317E-01  0.6063E-02  0.2021E-02  0.6063E-02  0.1011E-01  0.4269E-02  0.4269E-02  0.6132E-02  0.1281E-01  0.1281E-01  0.1840E-01  0.9579E-02  0.9579E-02  0.1428E-01  0.1352E-02  0.1352E-02  0.2085E-02
0.3000E+01  0.2607E+00  0.2224E-01  0.6671E-01  0.1683E-01  0.5610E-02  0.1683E-01  0.2805E-01  0.5630E-02  0.1689E-01  0.4725E-02  0.1575E-02  0.4725E-02  0.7875E-02  0.2783E-02  0.2783E-02  0.4177E-02  0.8350E-02  0.8350E-02  0.1253E-01  0.5892E-02  0.5892E-02  0.9323E-02  0.7874E-03  0.7874E-03  0.1308E-02
0.3500E+01  0.1969E+00  0.1744E-01  0.5232E-01  0.1375E-01  0.4583E-02  0.1375E-01  0.2292E-01  0.4101E-02  0.1230E-01  0.3677E-02  0.1226E-02  0.3677E-02  0.6128E-02  0.1813E-02  0.1813E-02  0.2849E-02  0.5440E-02  0.5440E-02  0.8548E-02  0.3635E-02  0.3635E-02  0.6095E-02  0.4590E-03  0.4590E-03  0.8183E-03
0.4000E+01  0.1502E+00  0.1370E-01  0.4109E-01  0.1128E-01  0.3760E-02  0.1128E-01  0.1880E-01  0.2997E-02  0.8991E-02  0.2864E-02  0.9548E-03  0.2864E-02  0.4774E-02  0.1186E-02  0.1186E-02  0.1952E-02  0.3557E-02  0.3557E-02  0.5856E-02  0.2246E-02  0.2246E-02  0.3990E-02  0.2698E-03  0.2698E-03  0.5138E-03
0.4500E+01  0.1158E+00  0.1079E-01  0.3237E-01  0.9292E-02  0.3097E-02  0.9292E-02  0.1549E-01  0.2201E-02  0.6604E-02  0.2238E-02  0.7459E-03  0.2238E-02  0.3729E-02  0.7810E-03  0.7810E-03  0.1347E-02  0.2343E-02  0.2343E-02  0.4042E-02  0.1403E-02  0.1403E-02  0.2635E-02  0.1598E-03  0.1598E-03  0.3241E-03
0.5000E+01  0.9024E-01  0.8533E-02  0.2560E-01  0.7687E-02  0.2562E-02  0.7687E-02  0.1281E-01  0.1627E-02  0.4881E-02  0.1754E-02  0.5846E-03  0.1754E-02  0.2923E-02  0.5203E-03  0.5203E-03  0.9389E-03  0.1561E-02  0.1561E-02  0.2817E-02  0.8848E-03  0.8848E-03  0.1751E-02  0.9603E-04  0.9603E-04  0.2064E-03
0.5500E+01  0.7100E-01  0.6779E-02  0.2034E-01  0.6384E-02  0.2128E-02  0.6384E-02  0.1064E-01  0.1210E-02  0.3631E-02  0.1380E-02  0.4598E-03  0.1380E-02  0.2299E-02  0.3493E-03  0.3493E-03  0.6587E-03  0.1048E-02  0.1048E-02  0.1976E-02  0.5660E-03  0.5660E-03  0.1176E-02  0.5837E-04  0.5837E-04  0.1325E-03
0.6000E+01  0.5636E-01  0.5410E-02  0.1623E-01  0.5322E-02  0.1774E-02  0.5322E-02  0.8870E-02  0.9062E-03  0.2719E-02  0.1089E-02  0.3631E-03  0.1089E-02  0.1815E-02  0.2368E-03  0.2368E-03  0.4664E-03  0.7103E-03  0.7103E-03  0.1399E-02  0.3653E-03  0.3653E-03  0.7961E-03  0.3593E-04  0.3593E-04  0.8585E-04
0.6500E+01  0.4509E-01  0.4338E-02  0.1302E-01  0.4452E-02  0.1484E-02  0.4452E-02  0.7419E-02  0.6830E-03  0.2049E-02  0.8633E-03  0.2878E-03  0.8633E-03  0.1439E-02  0.1620E-03  0.1620E-03  0.3321E-03  0.4859E-03  0.4859E-03  0.9963E-03  0.2380E-03  0.2380E-03  0.5424E-03  0.2241E-04  0.2241E-04  0.5618E-04
0.7000E+01  0.3634E-01  0.3495E-02  0.1048E-01  0.3736E-02  0.1245E-02  0.3736E-02  0.6226E-02  0.5180E-03  0.1554E-02  0.6868E-03  0.2289E-03  0.6868E-03  0.1145E-02  0.1118E-03  0.1118E-03  0.2383E-03  0.3355E-03  0.3355E-03  0.7149E-03  0.1571E-03  0.1571E-03  0.3734E-03  0.1410E-04  0.1410E-04  0.3704E-04
0.7500E+01  0.2948E-01  0.2827E-02  0.8482E-02  0.3144E-02  0.1048E-02  0.3144E-02  0.5240E-02  0.3952E-03  0.1186E-02  0.5483E-03  0.1828E-03  0.5483E-03  0.9138E-03  0.7798E-04  0.7798E-04  0.1726E-03  0.2340E-03  0.2340E-03  0.5177E-03  0.1045E-03  0.1045E-03  0.2590E-03  0.9013E-05  0.9013E-05  0.2469E-04
0.8000E+01  0.2406E-01  0.2297E-02  0.6892E-02  0.2654E-02  0.8845E-03  0.2654E-02  0.4423E-02  0.3033E-03  0.9098E-03  0.4393E-03  0.1464E-03  0.4393E-03  0.7321E-03  0.5468E-04  0.5468E-04  0.1255E-03  0.1640E-03  0.1640E-03  0.3764E-03  0.7024E-04  0.7024E-04  0.1809E-03  0.5820E-05  0.5820E-05  0.1659E-04
0.8500E+01  0.1974E-01  0.1874E-02  0.5622E-02  0.2246E-02  0.7485E-03  0.2246E-02  0.3743E-02  0.2340E-03  0.7020E-03  0.3531E-03  0.1177E-03  0.3531E-03  0.5885E-03  0.3864E-04  0.3864E-04  0.9183E-04  0.1159E-03  0.1159E-03  0.2755E-03  0.4759E-04  0.4759E-04  0.1272E-03  0.3787E-05  0.3787E-05  0.1121E-04
0.9000E+01  0.1628E-01  0.1535E-02  0.4604E-02  0.1905E-02  0.6350E-03  0.1905E-02  0.3175E-02  0.1815E-03  0.5444E-03  0.2848E-03  0.9493E-04  0.2848E-03  0.4746E-03  0.2755E-04  0.2755E-04  0.6771E-04  0.8266E-04  0.8266E-04  0.2031E-03  0.3255E-04  0.3255E-04  0.9009E-04  0.2487E-05  0.2487E-05  0.7641E-05
0.9500E+01  0.1349E-01  0.1262E-02  0.3785E-02  0.1620E-02  0.5400E-03  0.1620E-02  0.2700E-02  0.1414E-03  0.4243E-03  0.2304E-03  0.7679E-04  0.2304E-03  0.3840E-03  0.1978E-04  0.1978E-04  0.5014E-04  0.5935E-04  0.5935E-04  0.1504E-03  0.2244E-04  0.2244E-04  0.6423E-04  0.1643E-05  0.1643E-05  0.5238E-05
0.1000E+02  0.1122E-01  0.1041E-02  0.3122E-02  0.1380E-02  0.4602E-03  0.1380E-02  0.2301E-02  0.1107E-03  0.3322E-03  0.1869E-03  0.6231E-04  0.1869E-03  0.3115E-03  0.1429E-04  0.1429E-04  0.3737E-04  0.4286E-04  0.4286E-04  0.1121E-03  0.1561E-04  0.1561E-04  0.4602E-04  0.1100E-05  0.1100E-05  0.3618E-05
0.1050E+02  0.9371E-02  0.8611E-03  0.2583E-02  0.1179E-02  0.3930E-03  0.1179E-02  0.1965E-02  0.8708E-04  0.2612E-03  0.1521E-03  0.5070E-04  0.1521E-03  0.2535E-03  0.1038E-04  0.1038E-04  0.2797E-04  0.3115E-04  0.3115E-04  0.8390E-04  0.1086E-04  0.1086E-04  0.3316E-04  0.7408E-06  0.7408E-06  0.2517E-05
0.1100E+02  0.7854E-02  0.7149E-03  0.2145E-02  0.1009E-02  0.3363E-03  0.1009E-02  0.1682E-02  0.6877E-04  0.2063E-03  0.1241E-03  0.4137E-04  0.1241E-03  0.2069E-03  0.7576E-05  0.7576E-05  0.2098E-04  0.2273E-04  0.2273E-04  0.6295E-04  0.7670E-05  0.7670E-05  0.2409E-04  0.5025E-06  0.5025E-06  0.1760E-05
0.1150E+02  0.6605E-02  0.5953E-03  0.1786E-02  0.8651E-03  0.2884E-03  0.8651E-03  0.1442E-02  0.5453E-04  0.1636E-03  0.1015E-03  0.3385E-04  0.1015E-03  0.1692E-03  0.5574E-05  0.5574E-05  0.1588E-04  0.1672E-04  0.1672E-04  0.4763E-04  0.5434E-05  0.5434E-05  0.1757E-04  0.3437E-06  0.3437E-06  0.1240E-05
0.1200E+02  0.5571E-02  0.4972E-03  0.1492E-02  0.7432E-03  0.2477E-03  0.7432E-03  0.1239E-02  0.4340E-04  0.1302E-03  0.8330E-04  0.2777E-04  0.8330E-04  0.1388E-03  0.4119E-05  0.4119E-05  0.1205E-04  0.1236E-04  0.1236E-04  0.3614E-04  0.3880E-05  0.3880E-05  0.1286E-04  0.2380E-06  0.2380E-06  0.8802E-06
0.1250E+02  0.4714E-02  0.4164E-03  0.1249E-02  0.6395E-03  0.2132E-03  0.6395E-03  0.1066E-02  0.3466E-04  0.1040E-03  0.6849E-04  0.2283E-04  0.6849E-04  0.1142E-03  0.3088E-05  0.3088E-05  0.9212E-05  0.9264E-05  0.9264E-05  0.2764E-04  0.2767E-05  0.2767E-05  0.9446E-05  0.1643E-06  0.1643E-06  0.6258E-06
0.1300E+02  0.3999E-02  0.3496E-03  0.1049E-02  0.5513E-03  0.1838E-03  0.5513E-03  0.9189E-03  0.2778E-04  0.8335E-04  0.5645E-04  0.1882E-04  0.5645E-04  0.9409E-04  0.2291E-05  0.2291E-05  0.7038E-05  0.6874E-05  0.6874E-05  0.2111E-04  0.1997E-05  0.1997E-05  0.6982E-05  0.1149E-06  0.1149E-06  0.4486E-06
0.1350E+02  0.3401E-02  0.2943E-03  0.8828E-03  0.4761E-03  0.1587E-03  0.4761E-03  0.7934E-03  0.2234E-04  0.6702E-04  0.4664E-04  0.1555E-04  0.4664E-04  0.7773E-04  0.1714E-05  0.1714E-05  0.5397E-05  0.5142E-05  0.5142E-05  0.1619E-04  0.1459E-05  0.1459E-05  0.5230E-05  0.8049E-07  0.8049E-07  0.3224E-06
0.1400E+02  0.2900E-02  0.2483E-03  0.7449E-03  0.4117E-03  0.1372E-03  0.4117E-03  0.6862E-03  0.1802E-04  0.5407E-04  0.3861E-04  0.1287E-04  0.3861E-04  0.6435E-04  0.1293E-05  0.1293E-05  0.4167E-05  0.3880E-05  0.3880E-05  0.1250E-04  0.1056E-05  0.1056E-05  0.3877E-05  0.5671E-07  0.5671E-07  0.2330E-06
0.1450E+02  0.2478E-02  0.2100E-03  0.6300E-03  0.3566E-03  0.1189E-03  0.3566E-03  0.5944E-03  0.1458E-04  0.4374E-04  0.3204E-04  0.1068E-04  0.3204E-04  0.5339E-04  0.9780E-06  0.9780E-06  0.3225E-05  0.2934E-05  0.2934E-05  0.9676E-05  0.7739E-06  0.7739E-06  0.2904E-05  0.4031E-07  0.4031E-07  0.1693E-06
0.1500E+02  0.2123E-02  0.1780E-03  0.5340E-03  0.3094E-03  0.1031E-03  0.3094E-03  0.5156E-03  0.1183E-04  0.3549E-04  0.2664E-04  0.8878E-05  0.2664E-04  0.4439E-04  0.7438E-06  0.7438E-06  0.2502E-05  0.2231E-05  0.2231E-05  0.7506E-05  0.5698E-06  0.5698E-06  0.2185E-05  0.2872E-07  0.2872E-07  0.1234E-06
0.1550E+02  0.1822E-02  0.1512E-03  0.4536E-03  0.2687E-03  0.8958E-04  0.2687E-03  0.4479E-03  0.9627E-05  0.2888E-04  0.2219E-04  0.7396E-05  0.2219E-04  0.3698E-04  0.5655E-06  0.5655E-06  0.1947E-05  0.1697E-05  0.1697E-05  0.5840E-05  0.4202E-06  0.4202E-06  0.1647E-05  0.2058E-07  0.2058E-07  0.9039E-07
0.1600E+02  0.1567E-02  0.1287E-03  0.3861E-03  0.2338E-03  0.7793E-04  0.2338E-03  0.3896E-03  0.7853E-05  0.2356E-04  0.1852E-04  0.6173E-05  0.1852E-04  0.3087E-04  0.4333E-06  0.4333E-06  0.1520E-05  0.1300E-05  0.1300E-05  0.4560E-05  0.3113E-06  0.3113E-06  0.1247E-05  0.1483E-07  0.1483E-07  0.6643E-07
0.1650E+02  0.1350E-02  0.1098E-03  0.3293E-03  0.2036E-03  0.6788E-04  0.2036E-03  0.3394E-03  0.6423E-05  0.1927E-04  0.1549E-04  0.5162E-05  0.1549E-04  0.2581E-04  0.3324E-06  0.3324E-06  0.1191E-05  0.9972E-06  0.9972E-06  0.3573E-05  0.2320E-06  0.2320E-06  0.9484E-06  0.1069E-07  0.1069E-07  0.4898E-07
0.1700E+02  0.1165E-02  0.9377E-04  0.2813E-03  0.1776E-03  0.5921E-04  0.1776E-03  0.2960E-03  0.5266E-05  0.1580E-04  0.1297E-04  0.4324E-05  0.1297E-04  0.2162E-04  0.2568E-06  0.2568E-06  0.9374E-06  0.7703E-06  0.7703E-06  0.2812E-05  0.1736E-06  0.1736E-06  0.7232E-06  0.7779E-08  0.7779E-08  0.3631E-07
0.1750E+02  0.1008E-02  0.8027E-04  0.2408E-03  0.1551E-03  0.5171E-04  0.1551E-03  0.2585E-03  0.4327E-05  0.1298E-04  0.1089E-04  0.3629E-05  0.1089E-04  0.1814E-04  0.1982E-06  0.1982E-06  0.7375E-06  0.5947E-06  0.5947E-06  0.2213E-05  0.1305E-06  0.1305E-06  0.5539E-06  0.5671E-08  0.5671E-08  0.2698E-07
0.1800E+02  0.8729E-03  0.6883E-04  0.2065E-03  0.1356E-03  0.4521E-04  0.1356E-03  0.2261E-03  0.3564E-05  0.1069E-04  0.9151E-05  0.3050E-05  0.9151E-05  0.1525E-04  0.1541E-06  0.1541E-06  0.5832E-06  0.4623E-06  0.4623E-06  0.1750E-05  0.9809E-07  0.9809E-07  0.4244E-06  0.4156E-08  0.4156E-08  0.2015E-07
0.1850E+02  0.7573E-03  0.5912E-04  0.1774E-03  0.1187E-03  0.3958E-04  0.1187E-03  0.1979E-03  0.2942E-05  0.8826E-05  0.7705E-05  0.2568E-05  0.7705E-05  0.1284E-04  0.1205E-06  0.1205E-06  0.4638E-06  0.3615E-06  0.3615E-06  0.1391E-05  0.7427E-07  0.7427E-07  0.3273E-06  0.3058E-08  0.3058E-08  0.1509E-07
0.1900E+02  0.6580E-03  0.5086E-04  0.1526E-03  0.1041E-03  0.3469E-04  0.1041E-03  0.1734E-03  0.2433E-05  0.7300E-05  0.6497E-05  0.2166E-05  0.6497E-05  0.1083E-04  0.9378E-07  0.9378E-07  0.3677E-06  0.2813E-06  0.2813E-06  0.1103E-05  0.5639E-07  0.5639E-07  0.2525E-06  0.2259E-08  0.2259E-08  0.1134E-07
0.1950E+02  0.5726E-03  0.4383E-04  0.1315E-03  0.9131E-04  0.3044E-04  0.9131E-04  0.1522E-03  0.2017E-05  0.6050E-05  0.5488E-05  0.1829E-05  0.5488E-05  0.9146E-05  0.7335E-07  0.7335E-07  0.2923E-06  0.2200E-06  0.2200E-06  0.8768E-06  0.4296E-07  0.4296E-07  0.1957E-06  0.1672E-08  0.1672E-08  0.8546E-08
0.2000E+02  0.4990E-03  0.3783E-04  0.1135E-03  0.8020E-04  0.2673E-04  0.8020E-04  0.1337E-03  0.1675E-05  0.5024E-05  0.4642E-05  0.1547E-05  0.4642E-05  0.7736E-05  0.5755E-07  0.5755E-07  0.2334E-06  0.1727E-06  0.1727E-06  0.7001E-06  0.3277E-07  0.3277E-07  0.1519E-06  0.1242E-08  0.1242E-08  0.6453E-08
0.2050E+02  0.4354E-03  0.3269E-04  0.9808E-04  0.7052E-04  0.2351E-04  0.7052E-04  0.1175E-03  0.1393E-05  0.4180E-05  0.3932E-05  0.1311E-05  0.3932E-05  0.6553E-05  0.4534E-07  0.4534E-07  0.1869E-06  0.1360E-06  0.1360E-06  0.5606E-06  0.2511E-07  0.2511E-07  0.1182E-06  0.9279E-09  0.9279E-09  0.4898E-08
0.2100E+02  0.3805E-03  0.2830E-04  0.8489E-04  0.6207E-04  0.2069E-04  0.6207E-04  0.1035E-03  0.1161E-05  0.3484E-05  0.3335E-05  0.1112E-05  0.3335E-05  0.5559E-05  0.3582E-07  0.3582E-07  0.1498E-06  0.1074E-06  0.1074E-06  0.4493E-06  0.1928E-07  0.1928E-07  0.9220E-07  0.6936E-09  0.6936E-09  0.3724E-08
0.2150E+02  0.3329E-03  0.2453E-04  0.7358E-04  0.5469E-04  0.1823E-04  0.5469E-04  0.9115E-04  0.9696E-06  0.2909E-05  0.2833E-05  0.9443E-06  0.2833E-05  0.4721E-05  0.2838E-07  0.2838E-07  0.1205E-06  0.8514E-07  0.8514E-07  0.3615E-06  0.1485E-07  0.1485E-07  0.7219E-07  0.5209E-09  0.5209E-09  0.2840E-08
0.2200E+02  0.2916E-03  0.2129E-04  0.6386E-04  0.4824E-04  0.1608E-04  0.4824E-04  0.8039E-04  0.8109E-06  0.2433E-05  0.2409E-05  0.8032E-06  0.2409E-05  0.4016E-05  0.2252E-07  0.2252E-07  0.9700E-07  0.6756E-07  0.6756E-07  0.2910E-06  0.1146E-07  0.1146E-07  0.5649E-07  0.3921E-09  0.3921E-09  0.2169E-08
0.2250E+02  0.2558E-03  0.1850E-04  0.5549E-04  0.4258E-04  0.1419E-04  0.4258E-04  0.7097E-04  0.6793E-06  0.2038E-05  0.2052E-05  0.6840E-06  0.2052E-05  0.3420E-05  0.1783E-07  0.1783E-07  0.7802E-07  0.5350E-07  0.5350E-07  0.2341E-06  0.8867E-08  0.8867E-08  0.4440E-07  0.2964E-09  0.2964E-09  0.1665E-08
0.2300E+02  0.2246E-03  0.1610E-04  0.4829E-04  0.3763E-04  0.1254E-04  0.3763E-04  0.6271E-04  0.5700E-06  0.1710E-05  0.1750E-05  0.5832E-06  0.1750E-05  0.2916E-05  0.1422E-07  0.1422E-07  0.6317E-07  0.4267E-07  0.4267E-07  0.1895E-06  0.6898E-08  0.6898E-08  0.3503E-07  0.2244E-09  0.2244E-09  0.1279E-08
0.2350E+02  0.1974E-03  0.1402E-04  0.4207E-04  0.3328E-04  0.1109E-04  0.3328E-04  0.5546E-04  0.4789E-06  0.1437E-05  0.1494E-05  0.4979E-06  0.1494E-05  0.2490E-05  0.1141E-07  0.1141E-07  0.5133E-07  0.3424E-07  0.3424E-07  0.1540E-06  0.5351E-08  0.5351E-08  0.2758E-07  0.1703E-09  0.1703E-09  0.9844E-09
0.2400E+02  0.1737E-03  0.1223E-04  0.3669E-04  0.2946E-04  0.9819E-05  0.2946E-04  0.4910E-04  0.4031E-06  0.1209E-05  0.1277E-05  0.4256E-06  0.1277E-05  0.2128E-05  0.9102E-08  0.9102E-08  0.4152E-07  0.2731E-07  0.2731E-07  0.1246E-06  0.4182E-08  0.4182E-08  0.2185E-07  0.1298E-09  0.1298E-09  0.7603E-09
0.2450E+02  0.1531E-03  0.1068E-04  0.3204E-04  0.2610E-04  0.8699E-05  0.2610E-04  0.4350E-04  0.3397E-06  0.1019E-05  0.1093E-05  0.3642E-06  0.1093E-05  0.1821E-05  0.7317E-08  0.7317E-08  0.3382E-07  0.2195E-07  0.2195E-07  0.1015E-06  0.3277E-08  0.3277E-08  0.1734E-07  0.9900E-10  0.9900E-10  0.5882E-09
0.2500E+02  0.1350E-03  0.9337E-05  0.2801E-04  0.2314E-04  0.7714E-05  0.2314E-04  0.3857E-04  0.2867E-06  0.8600E-06  0.9360E-06  0.3120E-06  0.9360E-06  0.1560E-05  0.5867E-08  0.5867E-08  0.2750E-07  0.1760E-07  0.1760E-07  0.8249E-07  0.2570E-08  0.2570E-08  0.1377E-07  0.7579E-10  0.7579E-10  0.4564E-09
0.2550E+02  0.1192E-03  0.8171E-05  0.2451E-04  0.2054E-04  0.6846E-05  0.2054E-04  0.3423E-04  0.2422E-06  0.7267E-06  0.8027E-06  0.2676E-06  0.8027E-06  0.1338E-05  0.4728E-08  0.4728E-08  0.2244E-07  0.1419E-07  0.1419E-07  0.6733E-07  0.2013E-08  0.2013E-08  0.1095E-07  0.5816E-10  0.5816E-10  0.3547E-09
0.2600E+02  0.1053E-03  0.7159E-05  0.2148E-04  0.1824E-04  0.6080E-05  0.1824E-04  0.3040E-04  0.2050E-06  0.6149E-06  0.6892E-06  0.2297E-06  0.6892E-06  0.1149E-05  0.3813E-08  0.3813E-08  0.1832E-07  0.1144E-07  0.1144E-07  0.5497E-07  0.1585E-08  0.1585E-08  0.8727E-08  0.4475E-10  0.4475E-10  0.2764E-09
0.2650E+02  0.9312E-04  0.6278E-05  0.1883E-04  0.1621E-04  0.5404E-05  0.1621E-04  0.2702E-04  0.1737E-06  0.5210E-06  0.5923E-06  0.1974E-06  0.5923E-06  0.9871E-06  0.3083E-08  0.3083E-08  0.1501E-07  0.9250E-08  0.9250E-08  0.4504E-07  0.1253E-08  0.1253E-08  0.6981E-08  0.3450E-10  0.3450E-10  0.2158E-09
0.2700E+02  0.8244E-04  0.5512E-05  0.1653E-04  0.1442E-04  0.4807E-05  0.1442E-04  0.2404E-04  0.1473E-06  0.4420E-06  0.5095E-06  0.1698E-06  0.5095E-06  0.8492E-06  0.2494E-08  0.2494E-08  0.1229E-07  0.7483E-08  0.7483E-08  0.3688E-07  0.9891E-09  0.9891E-09  0.5583E-08  0.2663E-10  0.2663E-10  0.1688E-09
0.2750E+02  0.7305E-04  0.4843E-05  0.1453E-04  0.1284E-04  0.4279E-05  0.1284E-04  0.2140E-04  0.1251E-06  0.3753E-06  0.4387E-06  0.1462E-06  0.4387E-06  0.7312E-06  0.2029E-08  0.2029E-08  0.1011E-07  0.6088E-08  0.6088E-08  0.3034E-07  0.7840E-09  0.7840E-09  0.4478E-08  0.2064E-10  0.2064E-10  0.1324E-09
0.2800E+02  0.6478E-04  0.4260E-05  0.1278E-04  0.1144E-04  0.3812E-05  0.1144E-04  0.1906E-04  0.1064E-06  0.3191E-06  0.3782E-06  0.1261E-06  0.3782E-06  0.6303E-06  0.1649E-08  0.1649E-08  0.8316E-08  0.4946E-08  0.4946E-08  0.2495E-07  0.6226E-09  0.6226E-09  0.3599E-08  0.1602E-10  0.1602E-10  0.1040E-09
0.2850E+02  0.5750E-04  0.3751E-05  0.1125E-04  0.1020E-04  0.3399E-05  0.1020E-04  0.1699E-04  0.9055E-07  0.2717E-06  0.3262E-06  0.1087E-06  0.3262E-06  0.5437E-06  0.1341E-08  0.1341E-08  0.6845E-08  0.4023E-08  0.4023E-08  0.2054E-07  0.4952E-09  0.4952E-09  0.2895E-08  0.1246E-10  0.1246E-10  0.8180E-10
0.2900E+02  0.5108E-04  0.3305E-05  0.9916E-05  0.9096E-05  0.3032E-05  0.9096E-05  0.1516E-04  0.7716E-07  0.2315E-06  0.2817E-06  0.9390E-07  0.2817E-06  0.4695E-06  0.1092E-08  0.1092E-08  0.5640E-08  0.3277E-08  0.3277E-08  0.1692E-07  0.3945E-09  0.3945E-09  0.2334E-08  0.9714E-11  0.9714E-11  0.6451E-10
0.2950E+02  0.4541E-04  0.2915E-05  0.8746E-05  0.8121E-05  0.2707E-05  0.8121E-05  0.1353E-04  0.6582E-07  0.1975E-06  0.2435E-06  0.8116E-07  0.2435E-06  0.4058E-06  0.8933E-09  0.8933E-09  0.4662E-08  0.2680E-08  0.2680E-08  0.1399E-07  0.3147E-09  0.3147E-09  0.1882E-08  0.7587E-11  0.7587E-11  0.5095E-10
0.3000E+02  0.4040E-04  0.2573E-05  0.7720E-05  0.7255E-05  0.2418E-05  0.7255E-05  0.1209E-04  0.5620E-07  0.1686E-06  0.2106E-06  0.7020E-07  0.2106E-06  0.3510E-06  0.7318E-09  0.7318E-09  0.3860E-08  0.2195E-08  0.2195E-08  0.1158E-07  0.2518E-09  0.2518E-09  0.1522E-08  0.5933E-11  0.5933E-11  0.4029E-10
