0.0000E+00  0.1000E+01  0.6449E-01  0.1935E+00  0.4494E-01  0.1498E-01  0.4494E-01  0.7490E-01  0.2310E-01  0.6930E-01  0.1479E-01  0.4932E-02  0.1479E-01  0.2466E-01  0.1763E-01  0.1763E-01  0.2228E-01  0.5290E-01  0.5290E-01  0.6684E-01  0.4826E-01  0.4826E-01  0.5826E-01  0.8227E-02  0.8227E-02  0.9469E-02
0.5000E+00  0.9383E+00  0.6163E-01  0.1849E+00  0.4292E-01  0.1431E-01  0.4292E-01  0.7153E-01  0.2171E-01  0.6513E-01  0.1406E-01  0.4687E-02  0.1406E-01  0.2344E-01  0.1622E-01  0.1622E-01  0.2060E-01  0.4867E-01  0.4867E-01  0.6180E-01  0.4387E-01  0.4387E-01  0.5356E-01  0.7399E-02  0.7399E-02  0.8670E-02
0.1000E+01  0.7890E+00  0.5437E-01  0.1631E+00  0.3790E-01  0.1263E-01  0.3790E-01  0.6317E-01  0.1830E-01  0.5490E-01  0.1224E-01  0.4079E-02  0.1224E-01  0.2040E-01  0.1290E-01  0.1290E-01  0.1664E-01  0.3870E-01  0.3870E-01  0.4992E-01  0.3378E-01  0.3378E-01  0.4257E-01  0.5529E-02  0.5529E-02  0.6803E-02
0.1500E+01  0.6185E+00  0.4531E-01  0.1359E+00  0.3185E-01  0.1062E-01  0.3185E-01  0.5309E-01  0.1431E-01  0.4292E-01  0.1004E-01  0.3345E-02  0.1004E-01  0.1673E-01  0.9277E-02  0.9277E-02  0.1228E-01  0.2783E-01  0.2783E-01  0.3683E-01  0.2322E-01  0.2322E-01  0.3066E-01  0.3641E-02  0.3641E-02  0.4792E-02
0.2000E+01  0.4685E+00  0.3649E-01  0.1095E+00  0.2613E-01  0.8709E-02  0.2613E-01  0.4355E-01  0.1071E-01  0.3212E-01  0.7960E-02  0.2653E-02  0.7960E-02  0.1327E-01  0.6301E-02  0.6301E-02  0.8632E-02  0.1890E-01  0.1890E-01  0.2590E-01  0.1497E-01  0.1497E-01  0.2089E-01  0.2232E-02  0.2232E-02  0.3167E-02
0.2500E+01  0.3509E+00  0.2886E-01  0.8657E-01  0.2125E-01  0.7082E-02  0.2125E-01  0.3541E-01  0.7842E-02  0.2353E-01  0.6211E-02  0.2070E-02  0.6211E-02  0.1035E-01  0.4160E-02  0.4160E-02  0.5938E-02  0.1248E-01  0.1248E-01  0.1781E-01  0.9357E-02  0.9357E-02  0.1386E-01  0.1324E-02  0.1324E-02  0.2028E-02
0.3000E+01  0.2631E+00  0.2263E-01  0.6789E-01  0.1726E-01  0.5753E-02  0.1726E-01  0.2877E-01  0.5695E-02  0.1709E-01  0.4815E-02  0.1605E-02  0.4815E-02  0.8026E-02  0.2720E-02  0.2720E-02  0.4060E-02  0.8161E-02  0.8161E-02  0.1218E-01  0.5779E-02  0.5779E-02  0.9093E-02  0.7752E-03  0.7752E-03  0.1280E-02
0.3500E+01  0.1987E+00  0.1771E-01  0.5313E-01  0.1406E-01  0.4686E-02  0.1406E-01  0.2343E-01  0.4132E-02  0.1240E-01  0.3728E-02  0.1243E-02  0.3728E-02  0.6214E-02  0.1778E-02  0.1778E-02  0.2780E-02  0.5334E-02  0.5334E-02  0.8339E-02  0.3581E-02  0.3581E-02  0.5973E-02  0.4543E-03  0.4543E-03  0.8054E-03
0.4000E+01  0.1515E+00  0.1387E-01  0.4161E-01  0.1150E-01  0.3832E-02  0.1150E-01  0.1916E-01  0.3006E-02  0.9019E-02  0.2890E-02  0.9635E-03  0.2890E-02  0.4817E-02  0.1166E-02  0.1166E-02  0.1911E-02  0.3499E-02  0.3499E-02  0.5734E-02  0.2222E-02  0.2222E-02  0.3930E-02  0.2686E-03  0.2686E-03  0.5087E-03
0.4500E+01  0.1166E+00  0.1090E-01  0.3269E-01  0.9442E-02  0.3147E-02  0.9442E-02  0.1574E-01  0.2198E-02  0.6595E-02  0.2247E-02  0.7490E-03  0.2247E-02  0.3745E-02  0.7711E-03  0.7711E-03  0.1324E-02  0.2313E-02  0.2313E-02  0.3972E-02  0.1395E-02  0.1395E-02  0.2607E-02  0.1600E-03  0.1600E-03  0.3227E-03
0.5000E+01  0.9074E-01  0.8593E-02  0.2578E-01  0.7787E-02  0.2596E-02  0.7787E-02  0.1298E-01  0.1617E-02  0.4852E-02  0.1753E-02  0.5843E-03  0.1753E-02  0.2922E-02  0.5156E-03  0.5156E-03  0.9262E-03  0.1547E-02  0.1547E-02  0.2779E-02  0.8838E-03  0.8838E-03  0.1741E-02  0.9667E-04  0.9667E-04  0.2067E-03
0.5500E+01  0.7125E-01  0.6806E-02  0.2042E-01  0.6447E-02  0.2149E-02  0.6447E-02  0.1075E-01  0.1198E-02  0.3593E-02  0.1373E-02  0.4576E-03  0.1373E-02  0.2288E-02  0.3474E-03  0.3474E-03  0.6521E-03  0.1042E-02  0.1042E-02  0.1956E-02  0.5679E-03  0.5679E-03  0.1174E-02  0.5907E-04  0.5907E-04  0.1334E-03
0.6000E+01  0.5642E-01  0.5416E-02  0.1625E-01  0.5358E-02  0.1786E-02  0.5358E-02  0.8930E-02  0.8927E-03  0.2678E-02  0.1079E-02  0.3597E-03  0.1079E-02  0.1798E-02  0.2364E-03  0.2364E-03  0.4635E-03  0.7091E-03  0.7091E-03  0.1391E-02  0.3682E-03  0.3682E-03  0.7987E-03  0.3656E-04  0.3656E-04  0.8692E-04
0.6500E+01  0.4503E-01  0.4329E-02  0.1299E-01  0.4468E-02  0.1489E-02  0.4468E-02  0.7447E-02  0.6698E-03  0.2009E-02  0.8514E-03  0.2838E-03  0.8514E-03  0.1419E-02  0.1623E-03  0.1623E-03  0.3312E-03  0.4869E-03  0.4869E-03  0.9937E-03  0.2410E-03  0.2410E-03  0.5466E-03  0.2293E-04  0.2293E-04  0.5717E-04
0.7000E+01  0.3620E-01  0.3476E-02  0.1043E-01  0.3738E-02  0.1246E-02  0.3738E-02  0.6230E-02  0.5056E-03  0.1517E-02  0.6743E-03  0.2248E-03  0.6743E-03  0.1124E-02  0.1125E-03  0.1125E-03  0.2385E-03  0.3375E-03  0.3375E-03  0.7156E-03  0.1598E-03  0.1598E-03  0.3779E-03  0.1451E-04  0.1451E-04  0.3790E-04
0.7500E+01  0.2929E-01  0.2804E-02  0.8411E-02  0.3137E-02  0.1046E-02  0.3137E-02  0.5228E-02  0.3841E-03  0.1152E-02  0.5360E-03  0.1787E-03  0.5360E-03  0.8933E-03  0.7873E-04  0.7873E-04  0.1734E-03  0.2362E-03  0.2362E-03  0.5201E-03  0.1068E-03  0.1068E-03  0.2633E-03  0.9319E-05  0.9319E-05  0.2539E-04
0.8000E+01  0.2383E-01  0.2271E-02  0.6812E-02  0.2639E-02  0.8797E-03  0.2639E-02  0.4399E-02  0.2934E-03  0.8802E-03  0.4276E-03  0.1425E-03  0.4276E-03  0.7126E-03  0.5540E-04  0.5540E-04  0.1265E-03  0.1662E-03  0.1662E-03  0.3795E-03  0.7209E-04  0.7209E-04  0.1847E-03  0.6048E-05  0.6048E-05  0.1714E-04
0.8500E+01  0.1950E-01  0.1847E-02  0.5540E-02  0.2227E-02  0.7422E-03  0.2227E-02  0.3711E-02  0.2253E-03  0.6760E-03  0.3423E-03  0.1141E-03  0.3423E-03  0.5704E-03  0.3930E-04  0.3930E-04  0.9292E-04  0.1179E-03  0.1179E-03  0.2788E-03  0.4906E-04  0.4906E-04  0.1305E-03  0.3956E-05  0.3956E-05  0.1164E-04
0.9000E+01  0.1603E-01  0.1507E-02  0.4522E-02  0.1883E-02  0.6278E-03  0.1883E-02  0.3139E-02  0.1740E-03  0.5220E-03  0.2749E-03  0.9162E-04  0.2749E-03  0.4581E-03  0.2812E-04  0.2812E-04  0.6875E-04  0.8437E-04  0.8437E-04  0.2063E-03  0.3370E-04  0.3370E-04  0.9276E-04  0.2611E-05  0.2611E-05  0.7975E-05
0.9500E+01  0.1324E-01  0.1235E-02  0.3705E-02  0.1597E-02  0.5322E-03  0.1597E-02  0.2661E-02  0.1350E-03  0.4050E-03  0.2214E-03  0.7381E-04  0.2214E-03  0.3690E-03  0.2027E-04  0.2027E-04  0.5109E-04  0.6080E-04  0.6080E-04  0.1533E-03  0.2333E-04  0.2333E-04  0.6642E-04  0.1734E-05  0.1734E-05  0.5493E-05
0.1000E+02  0.1098E-01  0.1016E-02  0.3047E-02  0.1357E-02  0.4522E-03  0.1357E-02  0.2261E-02  0.1052E-03  0.3157E-03  0.1789E-03  0.5964E-04  0.1789E-03  0.2982E-03  0.1469E-04  0.1469E-04  0.3821E-04  0.4406E-04  0.4406E-04  0.1146E-03  0.1630E-04  0.1630E-04  0.4778E-04  0.1166E-05  0.1166E-05  0.3813E-05
0.1050E+02  0.9144E-02  0.8379E-03  0.2514E-02  0.1155E-02  0.3851E-03  0.1155E-02  0.1925E-02  0.8241E-04  0.2472E-03  0.1450E-03  0.4833E-04  0.1450E-03  0.2417E-03  0.1071E-04  0.1071E-04  0.2870E-04  0.3214E-04  0.3214E-04  0.8609E-04  0.1139E-04  0.1139E-04  0.3456E-04  0.7892E-06  0.7892E-06  0.2665E-05
0.1100E+02  0.7641E-02  0.6935E-03  0.2080E-02  0.9857E-03  0.3286E-03  0.9857E-03  0.1643E-02  0.6480E-04  0.1944E-03  0.1178E-03  0.3928E-04  0.1178E-03  0.1964E-03  0.7844E-05  0.7844E-05  0.2160E-04  0.2353E-04  0.2353E-04  0.6481E-04  0.8076E-05  0.8076E-05  0.2522E-04  0.5379E-06  0.5379E-06  0.1872E-05
0.1150E+02  0.6406E-02  0.5757E-03  0.1727E-02  0.8427E-03  0.2809E-03  0.8427E-03  0.1405E-02  0.5116E-04  0.1535E-03  0.9602E-04  0.3201E-04  0.9602E-04  0.1600E-03  0.5791E-05  0.5791E-05  0.1640E-04  0.1737E-04  0.1737E-04  0.4920E-04  0.5745E-05  0.5745E-05  0.1846E-04  0.3697E-06  0.3697E-06  0.1325E-05
0.1200E+02  0.5388E-02  0.4793E-03  0.1438E-02  0.7218E-03  0.2406E-03  0.7218E-03  0.1203E-02  0.4055E-04  0.1216E-03  0.7844E-04  0.2615E-04  0.7844E-04  0.1307E-03  0.4295E-05  0.4295E-05  0.1249E-04  0.1289E-04  0.1289E-04  0.3746E-04  0.4119E-05  0.4119E-05  0.1357E-04  0.2571E-06  0.2571E-06  0.9448E-06
0.1250E+02  0.4545E-02  0.4002E-03  0.1201E-02  0.6194E-03  0.2065E-03  0.6194E-03  0.1032E-02  0.3225E-04  0.9676E-04  0.6425E-04  0.2142E-04  0.6425E-04  0.1071E-03  0.3231E-05  0.3231E-05  0.9581E-05  0.9692E-05  0.9692E-05  0.2874E-04  0.2949E-05  0.2949E-05  0.1000E-04  0.1783E-06  0.1783E-06  0.6747E-06
0.1300E+02  0.3845E-02  0.3350E-03  0.1005E-02  0.5324E-03  0.1775E-03  0.5324E-03  0.8874E-03  0.2575E-04  0.7724E-04  0.5275E-04  0.1758E-04  0.5275E-04  0.8791E-04  0.2405E-05  0.2405E-05  0.7343E-05  0.7216E-05  0.7216E-05  0.2203E-04  0.2137E-05  0.2137E-05  0.7423E-05  0.1253E-06  0.1253E-06  0.4858E-06
0.1350E+02  0.3261E-02  0.2811E-03  0.8434E-03  0.4584E-03  0.1528E-03  0.4584E-03  0.7641E-03  0.2062E-04  0.6186E-04  0.4340E-04  0.1447E-04  0.4340E-04  0.7234E-04  0.1805E-05  0.1805E-05  0.5650E-05  0.5416E-05  0.5416E-05  0.1695E-04  0.1567E-05  0.1567E-05  0.5580E-05  0.8814E-07  0.8814E-07  0.3506E-06
0.1400E+02  0.2772E-02  0.2365E-03  0.7096E-03  0.3954E-03  0.1318E-03  0.3954E-03  0.6590E-03  0.1657E-04  0.4970E-04  0.3580E-04  0.1193E-04  0.3580E-04  0.5966E-04  0.1367E-05  0.1367E-05  0.4376E-05  0.4100E-05  0.4100E-05  0.1313E-04  0.1139E-05  0.1139E-05  0.4154E-05  0.6238E-07  0.6238E-07  0.2545E-06
0.1450E+02  0.2362E-02  0.1994E-03  0.5983E-03  0.3415E-03  0.1138E-03  0.3415E-03  0.5692E-03  0.1335E-04  0.4005E-04  0.2959E-04  0.9862E-05  0.2959E-04  0.4931E-04  0.1037E-05  0.1037E-05  0.3398E-05  0.3111E-05  0.3111E-05  0.1019E-04  0.8379E-06  0.8379E-06  0.3123E-05  0.4454E-07  0.4454E-07  0.1858E-06
0.1500E+02  0.2018E-02  0.1686E-03  0.5057E-03  0.2954E-03  0.9847E-04  0.2954E-03  0.4924E-03  0.1079E-04  0.3236E-04  0.2450E-04  0.8168E-05  0.2450E-04  0.4084E-04  0.7915E-06  0.7915E-06  0.2645E-05  0.2375E-05  0.2375E-05  0.7935E-05  0.6192E-06  0.6192E-06  0.2359E-05  0.3187E-07  0.3187E-07  0.1360E-06
0.1550E+02  0.1727E-02  0.1428E-03  0.4283E-03  0.2559E-03  0.8531E-04  0.2559E-03  0.4265E-03  0.8743E-05  0.2623E-04  0.2034E-04  0.6779E-05  0.2034E-04  0.3389E-04  0.6035E-06  0.6035E-06  0.2064E-05  0.1811E-05  0.1811E-05  0.6192E-05  0.4583E-06  0.4583E-06  0.1784E-05  0.2294E-07  0.2294E-07  0.1000E-06
0.1600E+02  0.1481E-02  0.1212E-03  0.3635E-03  0.2220E-03  0.7401E-04  0.2220E-03  0.3700E-03  0.7105E-05  0.2131E-04  0.1691E-04  0.5637E-05  0.1691E-04  0.2818E-04  0.4639E-06  0.4639E-06  0.1616E-05  0.1392E-05  0.1392E-05  0.4849E-05  0.3409E-06  0.3409E-06  0.1356E-05  0.1659E-07  0.1659E-07  0.7380E-07
0.1650E+02  0.1273E-02  0.1030E-03  0.3091E-03  0.1929E-03  0.6429E-04  0.1929E-03  0.3214E-03  0.5788E-05  0.1736E-04  0.1409E-04  0.4696E-05  0.1409E-04  0.2348E-04  0.3570E-06  0.3570E-06  0.1271E-05  0.1071E-05  0.1071E-05  0.3812E-05  0.2550E-06  0.2550E-06  0.1035E-05  0.1202E-07  0.1202E-07  0.5463E-07
0.1700E+02  0.1096E-02  0.8778E-04  0.2633E-03  0.1678E-03  0.5592E-04  0.1678E-03  0.2796E-03  0.4727E-05  0.1418E-04  0.1176E-04  0.3919E-05  0.1176E-04  0.1960E-04  0.2766E-06  0.2766E-06  0.1003E-05  0.8299E-06  0.8299E-06  0.3009E-05  0.1914E-06  0.1914E-06  0.7920E-06  0.8778E-08  0.8778E-08  0.4067E-07
0.1750E+02  0.9448E-03  0.7493E-04  0.2248E-03  0.1461E-03  0.4871E-04  0.1461E-03  0.2435E-03  0.3869E-05  0.1161E-04  0.9831E-05  0.3277E-05  0.9831E-05  0.1638E-04  0.2143E-06  0.2143E-06  0.7916E-06  0.6428E-06  0.6428E-06  0.2375E-05  0.1445E-06  0.1445E-06  0.6088E-06  0.6426E-08  0.6426E-08  0.3034E-07
0.1800E+02  0.8162E-03  0.6407E-04  0.1922E-03  0.1274E-03  0.4247E-04  0.1274E-03  0.2124E-03  0.3175E-05  0.9525E-05  0.8233E-05  0.2744E-05  0.8233E-05  0.1372E-04  0.1671E-06  0.1671E-06  0.6279E-06  0.5012E-06  0.5012E-06  0.1884E-05  0.1090E-06  0.1090E-06  0.4680E-06  0.4728E-08  0.4728E-08  0.2275E-07
0.1850E+02  0.7062E-03  0.5488E-04  0.1646E-03  0.1112E-03  0.3708E-04  0.1112E-03  0.1854E-03  0.2611E-05  0.7832E-05  0.6907E-05  0.2302E-05  0.6907E-05  0.1151E-04  0.1311E-06  0.1311E-06  0.5009E-06  0.3932E-06  0.3932E-06  0.1503E-05  0.8281E-07  0.8281E-07  0.3622E-06  0.3493E-08  0.3493E-08  0.1710E-07
0.1900E+02  0.6120E-03  0.4708E-04  0.1412E-03  0.9724E-04  0.3241E-04  0.9724E-04  0.1621E-03  0.2151E-05  0.6454E-05  0.5804E-05  0.1935E-05  0.5804E-05  0.9673E-05  0.1023E-06  0.1023E-06  0.3983E-06  0.3069E-06  0.3069E-06  0.1195E-05  0.6311E-07  0.6311E-07  0.2805E-06  0.2591E-08  0.2591E-08  0.1290E-07
0.1950E+02  0.5311E-03  0.4046E-04  0.1214E-03  0.8510E-04  0.2837E-04  0.8510E-04  0.1418E-03  0.1776E-05  0.5329E-05  0.4884E-05  0.1628E-05  0.4884E-05  0.8140E-05  0.8024E-07  0.8024E-07  0.3175E-06  0.2407E-06  0.2407E-06  0.9524E-06  0.4824E-07  0.4824E-07  0.2181E-06  0.1925E-08  0.1925E-08  0.9763E-08
0.2000E+02  0.4616E-03  0.3482E-04  0.1045E-03  0.7455E-04  0.2485E-04  0.7455E-04  0.1243E-03  0.1469E-05  0.4408E-05  0.4116E-05  0.1372E-05  0.4116E-05  0.6861E-05  0.6317E-07  0.6317E-07  0.2543E-06  0.1895E-06  0.1895E-06  0.7628E-06  0.3693E-07  0.3693E-07  0.1698E-06  0.1436E-08  0.1436E-08  0.7400E-08
0.2050E+02  0.4018E-03  0.3002E-04  0.9005E-04  0.6538E-04  0.2179E-04  0.6538E-04  0.1090E-03  0.1218E-05  0.3654E-05  0.3475E-05  0.1158E-05  0.3475E-05  0.5791E-05  0.4991E-07  0.4991E-07  0.2042E-06  0.1497E-06  0.1497E-06  0.6126E-06  0.2838E-07  0.2838E-07  0.1326E-06  0.1077E-08  0.1077E-08  0.5639E-08
0.2100E+02  0.3502E-03  0.2591E-04  0.7773E-04  0.5740E-04  0.1913E-04  0.5740E-04  0.9567E-04  0.1011E-05  0.3034E-05  0.2937E-05  0.9790E-06  0.2937E-05  0.4895E-05  0.3954E-07  0.3954E-07  0.1641E-06  0.1186E-06  0.1186E-06  0.4923E-06  0.2187E-07  0.2187E-07  0.1038E-06  0.8079E-09  0.8079E-09  0.4303E-08
0.2150E+02  0.3056E-03  0.2240E-04  0.6719E-04  0.5045E-04  0.1682E-04  0.5045E-04  0.8408E-04  0.8414E-06  0.2524E-05  0.2486E-05  0.8286E-06  0.2486E-05  0.4143E-05  0.3142E-07  0.3142E-07  0.1324E-06  0.9426E-07  0.9426E-07  0.3972E-06  0.1691E-07  0.1691E-07  0.8153E-07  0.6091E-09  0.6091E-09  0.3294E-08
0.2200E+02  0.2670E-03  0.1939E-04  0.5816E-04  0.4438E-04  0.1479E-04  0.4438E-04  0.7396E-04  0.7011E-06  0.2103E-05  0.2107E-05  0.7023E-06  0.2107E-05  0.3512E-05  0.2500E-07  0.2500E-07  0.1069E-06  0.7501E-07  0.7501E-07  0.3207E-06  0.1309E-07  0.1309E-07  0.6401E-07  0.4602E-09  0.4602E-09  0.2525E-08
0.2250E+02  0.2336E-03  0.1680E-04  0.5041E-04  0.3908E-04  0.1303E-04  0.3908E-04  0.6513E-04  0.5852E-06  0.1755E-05  0.1788E-05  0.5961E-06  0.1788E-05  0.2980E-05  0.1986E-07  0.1986E-07  0.8622E-07  0.5958E-07  0.5958E-07  0.2587E-06  0.1016E-07  0.1016E-07  0.5047E-07  0.3492E-09  0.3492E-09  0.1945E-08
0.2300E+02  0.2046E-03  0.1458E-04  0.4374E-04  0.3444E-04  0.1148E-04  0.3444E-04  0.5740E-04  0.4892E-06  0.1468E-05  0.1519E-05  0.5065E-06  0.1519E-05  0.2532E-05  0.1588E-07  0.1588E-07  0.7001E-07  0.4765E-07  0.4765E-07  0.2100E-06  0.7931E-08  0.7931E-08  0.3995E-07  0.2654E-09  0.2654E-09  0.1500E-08
0.2350E+02  0.1794E-03  0.1267E-04  0.3801E-04  0.3038E-04  0.1013E-04  0.3038E-04  0.5064E-04  0.4096E-06  0.1229E-05  0.1293E-05  0.4309E-06  0.1293E-05  0.2155E-05  0.1278E-07  0.1278E-07  0.5706E-07  0.3835E-07  0.3835E-07  0.1712E-06  0.6172E-08  0.6172E-08  0.3155E-07  0.2021E-09  0.2021E-09  0.1159E-08
0.2400E+02  0.1575E-03  0.1102E-04  0.3307E-04  0.2683E-04  0.8943E-05  0.2683E-04  0.4472E-04  0.3434E-06  0.1030E-05  0.1101E-05  0.3671E-06  0.1101E-05  0.1835E-05  0.1022E-07  0.1022E-07  0.4627E-07  0.3067E-07  0.3067E-07  0.1388E-06  0.4840E-08  0.4840E-08  0.2508E-07  0.1546E-09  0.1546E-09  0.8981E-09
0.2450E+02  0.1384E-03  0.9600E-05  0.2880E-04  0.2371E-04  0.7904E-05  0.2371E-04  0.3952E-04  0.2884E-06  0.8652E-06  0.9391E-06  0.3130E-06  0.9391E-06  0.1565E-05  0.8241E-08  0.8241E-08  0.3779E-07  0.2472E-07  0.2472E-07  0.1134E-06  0.3804E-08  0.3804E-08  0.1996E-07  0.1184E-09  0.1184E-09  0.6972E-09
0.2500E+02  0.1217E-03  0.8371E-05  0.2511E-04  0.2097E-04  0.6991E-05  0.2097E-04  0.3495E-04  0.2425E-06  0.7275E-06  0.8018E-06  0.2673E-06  0.8018E-06  0.1336E-05  0.6625E-08  0.6625E-08  0.3081E-07  0.1988E-07  0.1988E-07  0.9244E-07  0.2993E-08  0.2993E-08  0.1591E-07  0.9095E-10  0.9095E-10  0.5429E-09
0.2550E+02  0.1072E-03  0.7307E-05  0.2192E-04  0.1857E-04  0.6189E-05  0.1857E-04  0.3094E-04  0.2042E-06  0.6126E-06  0.6853E-06  0.2284E-06  0.6853E-06  0.1142E-05  0.5355E-08  0.5355E-08  0.2522E-07  0.1607E-07  0.1607E-07  0.7565E-07  0.2352E-08  0.2352E-08  0.1268E-07  0.7004E-10  0.7004E-10  0.4235E-09
0.2600E+02  0.9450E-04  0.6385E-05  0.1916E-04  0.1645E-04  0.5483E-05  0.1645E-04  0.2742E-04  0.1722E-06  0.5165E-06  0.5863E-06  0.1954E-06  0.5863E-06  0.9772E-06  0.4330E-08  0.4330E-08  0.2064E-07  0.1299E-07  0.1299E-07  0.6193E-07  0.1858E-08  0.1858E-08  0.1014E-07  0.5409E-10  0.5409E-10  0.3312E-09
0.2650E+02  0.8338E-04  0.5586E-05  0.1676E-04  0.1459E-04  0.4862E-05  0.1459E-04  0.2431E-04  0.1453E-06  0.4360E-06  0.5022E-06  0.1674E-06  0.5022E-06  0.8370E-06  0.3511E-08  0.3511E-08  0.1696E-07  0.1053E-07  0.1053E-07  0.5088E-07  0.1473E-08  0.1473E-08  0.8140E-08  0.4185E-10  0.4185E-10  0.2594E-09
0.2700E+02  0.7364E-04  0.4891E-05  0.1467E-04  0.1294E-04  0.4314E-05  0.1294E-04  0.2157E-04  0.1229E-06  0.3686E-06  0.4306E-06  0.1435E-06  0.4306E-06  0.7176E-06  0.2848E-08  0.2848E-08  0.1392E-07  0.8543E-08  0.8543E-08  0.4177E-07  0.1167E-08  0.1167E-08  0.6529E-08  0.3242E-10  0.3242E-10  0.2036E-09
0.2750E+02  0.6509E-04  0.4288E-05  0.1286E-04  0.1149E-04  0.3831E-05  0.1149E-04  0.1916E-04  0.1040E-06  0.3119E-06  0.3695E-06  0.1232E-06  0.3695E-06  0.6159E-06  0.2324E-08  0.2324E-08  0.1149E-07  0.6972E-08  0.6972E-08  0.3446E-07  0.9276E-09  0.9276E-09  0.5252E-08  0.2521E-10  0.2521E-10  0.1603E-09
0.2800E+02  0.5759E-04  0.3762E-05  0.1129E-04  0.1021E-04  0.3405E-05  0.1021E-04  0.1702E-04  0.8808E-07  0.2642E-06  0.3174E-06  0.1058E-06  0.3174E-06  0.5290E-06  0.1893E-08  0.1893E-08  0.9470E-08  0.5679E-08  0.5679E-08  0.2841E-07  0.7390E-09  0.7390E-09  0.4235E-08  0.1964E-10  0.1964E-10  0.1263E-09
0.2850E+02  0.5099E-04  0.3304E-05  0.9911E-05  0.9085E-05  0.3028E-05  0.9085E-05  0.1514E-04  0.7471E-07  0.2241E-06  0.2729E-06  0.9098E-07  0.2729E-06  0.4549E-06  0.1543E-08  0.1543E-08  0.7814E-08  0.4630E-08  0.4630E-08  0.2344E-07  0.5896E-09  0.5896E-09  0.3416E-08  0.1532E-10  0.1532E-10  0.9970E-10
0.2900E+02  0.4519E-04  0.2904E-05  0.8712E-05  0.8086E-05  0.2695E-05  0.8086E-05  0.1348E-04  0.6343E-07  0.1903E-06  0.2349E-06  0.7830E-07  0.2349E-06  0.3915E-06  0.1261E-08  0.1261E-08  0.6455E-08  0.3782E-08  0.3782E-08  0.1937E-07  0.4711E-09  0.4711E-09  0.2763E-08  0.1199E-10  0.1199E-10  0.7888E-10
0.2950E+02  0.4008E-04  0.2555E-05  0.7665E-05  0.7201E-05  0.2400E-05  0.7201E-05  0.1200E-04  0.5392E-07  0.1618E-06  0.2023E-06  0.6744E-07  0.2023E-06  0.3372E-06  0.1034E-08  0.1034E-08  0.5350E-08  0.3101E-08  0.3101E-08  0.1605E-07  0.3769E-09  0.3769E-09  0.2235E-08  0.9395E-11  0.9395E-11  0.6251E-10
0.3000E+02  0.3558E-04  0.2250E-05  0.6750E-05  0.6418E-05  0.2139E-05  0.6418E-05  0.1070E-04  0.4588E-07  0.1376E-06  0.1744E-06  0.5814E-07  0.1744E-06  0.2907E-06  0.8490E-09  0.8490E-09  0.4441E-08  0.2547E-08  0.2547E-08  0.1332E-07  0.3024E-09  0.3024E-09  0.1813E-08  0.7372E-11  0.7372E-11  0.4960E-10
